((("Symbol" .
   [0 0 0 0 0 1])
  ("abs" .
   [0 0 1])
  ("SYMPY_INTS" .
   [1 0 0 0 0 0 0 0 0 0])
  ("Symbols" .
   [1 0 0 0 0 0 0])
  ("numpy" .
   [4 0 0 0 0])
  ("dir" .
   [1 0 0])
  ("SystemExit" .
   [0 0 1 0 0 0 0 0 0 0])
  ("diff" .
   [1 0 0 2])
  ("Eq" .
   [1 0])
  ("doit" .
   [2 0 0 0])
  ("a" .
   [2])
  ("sin" .
   [1 0 0])
  ("x" .
   [9])
  ("cos" .
   [1 0 0])
  ("Integral" .
   [2 0 0 0 0 0 0 0])
  ("symbols" .
   [1 0 0 0 0 0 0])
  ("sympy" .
   [11 0 1 1 1])
  ("os" .
   [5 0])
  ("testVector" .
   [5 1 4 2 7 1 0 0 1 0])))
